e-high  
0.965316  0.0324867   0.259054   -16.7819
-0.0269723   0.999328 -0.0248134    0.99049
 -0.259686  0.0169655   0.965544    9.45252
         0          0          0          1

R : -3.12402 P: 2.8789 Y : 3.11366



e-low
transformation_matrix : 
   0.981863   0.0220383    0.188306    -18.2928
 -0.0212133    0.999755 -0.00639566    0.680828
  -0.188401  0.00228506     0.98209     3.26448
          0           0           0           1
                 
compute error : 0.0651323

Rotation Matrix: 
   0.981863   0.0220383    0.188306
 -0.0212133    0.999754 -0.00639557
  -0.188401  0.00228497     0.98209
******************************************************
to Global Euler Angle = [R : -3.13927 P: 2.95206 Y : 3.11999]



pole-high
  0.317965 -0.0166582  -0.947956     12.869
0.00920463  -0.999744  0.0206556  -0.316742
 -0.948058 -0.0152934   -0.31773    2.91704
         0          0          0          1

[R : -3.0935 P: 1.24707 Y : 0.0289406]



pole-low
 -0.847252 -0.0679525  -0.526828    13.2253
 0.0636752  -0.997625  0.0262747  -0.283367
 -0.527362 -0.0112846   0.849567   0.684455
         0          0          0          1
******************************************************
Rotation Matrix: 
 -0.847251 -0.0679525  -0.526828
 0.0636752  -0.997625  0.0262746
 -0.527362 -0.0112847   0.849566
******************************************************
High to Global Euler Angle = [R : -0.0132821 P: 0.555492 Y : 3.06658]
