neh_txt donetransformation_matrix : 
  0.319853 -0.0205591  -0.947244    12.8478
 0.0109363  -0.999618  0.0253886  -0.312667
 -0.947405   -0.01848  -0.319506    2.95837
         0          0          0          1
******************************************************
pose done0
0.0376597
1
0.0218435
2
0.0408183
3
0.0691388
4
0.0719997
5
0.0954754
6
0.0842802
7
0.0371036
8
0.0188348
9
0.026581
10
0.050992
11
0.0733363
compute error : 0.0523386
******************************************************
Rotation Matrix: 
  0.319853 -0.0205591  -0.947244
 0.0109363  -0.999618  0.0253886
 -0.947404   -0.01848  -0.319506
******************************************************
High to Global Euler Angle = [R : -3.08382 P: 1.24502 Y : 0.0341784]




optimize
neh_txt donetransformation_matrix : 
  0.319148 -0.0205708  -0.947482    12.8499
 0.0106428  -0.999624  0.0252877  -0.311764
 -0.947646 -0.0181544  -0.318809    2.94298
         0          0          0          1
******************************************************
pose done0
0.0273532
1
0.0146038
2
0.0301234
3
0.0692659
4
0.0584265
5
0.0842742
6
0.0833686
7
0.0400802
8
0.0287
9
0.0228798
10
0.0315483
11
0.0688483
compute error : 0.0466227
******************************************************
Rotation Matrix: 
  0.319148 -0.0205709  -0.947482
 0.0106428  -0.999624  0.0252878
 -0.947645 -0.0181544  -0.318809
******************************************************
High to Global Euler Angle = [R : -3.08471 P: 1.24578 Y : 0.0333351]



1023
  0.319234 -0.0166376   -0.94753    12.8652
0.00984249  -0.999734  0.0208704  -0.318682
 -0.947625 -0.0159886  -0.318985    2.97161
         0          0          0          1
******************************************************
pose done0
0.0480039
1
0.0229237
2
0.0454449
3
0.00949806
4
0.0223959
5
0.0521294
6
0.016275
7
0.0532245
8
0.0166346
9
0.0233838
10
0.0683754
11
0.0294523
12
0.021221
13
0.018197
14
0.0462938
compute error : 0.0328969
******************************************************
Rotation Matrix: 
  0.319234 -0.0166377   -0.94753
 0.0098425  -0.999734  0.0208704
 -0.947625 -0.0159886  -0.318985
******************************************************
High to Global Euler Angle = [R : -3.09151 P: 1.24572 Y : 0.0308218]


手动修改rtk的z值
neh_txt donetransformation_matrix : 
  0.317965 -0.0166582  -0.947956     12.869
0.00920463  -0.999744  0.0206556  -0.316742
 -0.948058 -0.0152934   -0.31773    2.91704
         0          0          0          1
******************************************************
pose done0
0.0476645
1
0.0238845
2
0.0413677
3
0.0094084
4
0.0224336
5
0.0543912
6
0.0175323
7
0.0520409
8
0.0160534
9
0.0233617
10
0.0675756
11
0.0283859
12
0.0299479
13
0.0147758
14
0.0461969
compute error : 0.0330014
******************************************************
Rotation Matrix: 
  0.317965 -0.0166582  -0.947956
0.00920466  -0.999745  0.0206557
 -0.948058 -0.0152934  -0.317731
******************************************************
High to Global Euler Angle = [R : -3.0935 P: 1.24707 Y : 0.0289406]

